Time / s	
0.4	0.173609
0.8	0.173623
1.2	0.173623
1.6	0.173617
2	0.1736
2.4	0.173607
2.8	0.173573
3.2	0.17357
3.6	0.173809
4	0.1738
4.4	0.173785
4.8	0.173755
5.2	0.17373
5.6	0.173679
6	0.173686
6.4	0.173566
6.8	0.173652
7.2	0.173642
7.6	0.173675
8	0.173644
8.4	0.173635
8.8	0.17364
9.2	0.173656
9.6	0.173523
10	0.173623
10.4	0.173557
10.8	0.173571
11.2	0.173575
11.6	0.173576
12	0.173567
12.4	0.173534
12.8	0.173517
13.2	0.173546
13.6	0.173519
14	0.173543
14.4	0.173472
14.8	0.173329
15.2	0.17342
15.6	0.173431
16	0.173511
16.4	0.173472
16.8	0.173494
17.2	0.173473
17.6	0.173488
18	0.173429
18.4	0.173454
18.8	0.173498
19.2	0.173459
19.6	0.173372
20	0.173456
20.4	0.173423
20.8	0.173425
21.2	0.173401
21.6	0.173654
22	0.17446
22.4	0.174384
22.8	0.173513
23.2	0.173441
23.6	0.173796
24	0.173367
24.4	0.173341
24.8	0.173331
25.2	0.173329
25.6	0.17332
26	0.173334
26.4	0.173308
26.8	0.17331
27.2	0.173295
27.6	0.173305
28	0.173294
28.4	0.173291
28.8	0.17331
29.2	0.173297
29.6	0.1731
30	0.17325
30.4	0.173163
30.8	0.173268
31.2	0.173236
31.6	0.173281
32	0.173326
32.4	0.173209
32.8	0.173109
33.2	0.17287
33.6	0.172945
34	0.172942
34.4	0.172893
34.8	0.172925
35.2	0.172999
35.6	0.173173
36	0.173188
36.4	0.172926
36.8	0.172903
37.2	0.173143
37.6	0.173175
38	0.172989
38.4	0.172986
38.8	0.173119
39.2	0.173073
39.6	0.173085
40	0.172774
40.4	0.173023
40.8	0.173028
41.2	0.172801
41.6	0.172792
42	0.173085
42.4	0.172941
42.8	0.172962
43.2	0.172964
43.6	0.17276
44	0.17299
44.4	0.172796
44.8	0.172828
45.2	0.17292
45.6	0.172727
46	0.172964
46.4	0.17282
46.8	0.172731
47.2	0.173009
47.6	0.172664
48	0.172759
48.4	0.172798
48.8	0.172683
49.2	0.172907
49.6	0.172665
50	0.172743
50.4	0.172818
50.8	0.172648
51.2	0.172895
51.6	0.172672
52	0.17275
52.4	0.172902
52.8	0.172592
53.2	0.172717
53.6	0.172732
54	0.172599
54.4	0.172891
54.8	0.172599
55.2	0.172652
55.6	0.172724
56	0.172527
56.4	0.172624
56.8	0.172695
57.2	0.172531
57.6	0.172836
58	0.17256
58.4	0.172586
58.8	0.17283
59.2	0.172472
59.6	0.172895
60	0.172643
60.4	0.173261
60.8	0.172407
61.2	0.172296
61.6	0.17231
62	0.172312
62.4	0.172296
62.8	0.172306
63.2	0.172283
63.6	0.172246
64	0.172241
64.4	0.172149
64.8	0.172187
65.2	0.172305
65.6	0.17223
66	0.17225
66.4	0.172241
66.8	0.172209
67.2	0.172182
67.6	0.1722
68	0.172175
68.4	0.172161
68.8	0.172248
69.2	0.172201
69.6	0.17242
70	0.172219
70.4	0.172273
70.8	0.172451
71.2	0.172383
71.6	0.172182
72	0.172358
72.4	0.172238
72.8	0.17225
73.2	0.172516
73.6	0.172201
74	0.172431
74.4	0.172311
74.8	0.172211
75.2	0.172504
75.6	0.172204
76	0.172275
76.4	0.172361
76.8	0.172145
77.2	0.172352
77.6	0.17218
78	0.172115
78.4	0.172135
78.8	0.172038
79.2	0.172091
79.6	0.172293
80	0.172046
80.4	0.172222
80.8	0.172101
81.2	0.17208
81.6	0.172181
82	0.172039
82.4	0.172264
82.8	0.172084
83.2	0.172034
83.6	0.172273
84	0.17204
84.4	0.172173
84.8	0.17218
85.2	0.172046
85.6	0.172356
86	0.172047
86.4	0.172158
86.8	0.172326
87.2	0.172331
87.6	0.172273
88	0.17247
88.4	0.172331
88.8	0.172297
89.2	0.172335
89.6	0.172379
90	0.172183
90.4	0.172249
90.8	0.172329
91.2	0.172467
91.6	0.172565
92	0.172659
92.4	0.172673
92.8	0.17278
93.2	0.172775
93.6	0.172749
94	0.17274
94.4	0.172633
94.8	0.172512
95.2	0.172367
95.6	0.172213
96	0.172118
96.4	0.171997
96.8	0.172001
97.2	0.172108
97.6	0.172409
98	0.172717
98.4	0.173376
98.8	0.173857
99.2	0.174566
99.6	0.175334
100	0.175969
100.4	0.176883
100.8	0.177512
101.2	0.178262
101.6	0.17907
102	0.17978
102.4	0.180411
102.8	0.181111
103.2	0.181798
103.6	0.182561
104	0.19205
104.4	0.18908
104.8	0.184479
105.2	0.184545
105.6	0.184641
106	0.18471
106.4	0.184734
106.8	0.18473
107.2	0.184639
107.6	0.184489
108	0.184272
108.4	0.184008
108.8	0.183728
109.2	0.183406
109.6	0.183096
110	0.182751
110.4	0.182454
110.8	0.18213
111.2	0.181785
111.6	0.181427
112	0.181137
112.4	0.1808
112.8	0.180458
113.2	0.180104
113.6	0.179758
114	0.179394
114.4	0.17902
114.8	0.178693
115.2	0.178384
115.6	0.178079
116	0.177803
116.4	0.177505
116.8	0.177228
117.2	0.17696
117.6	0.176719
118	0.176478
118.4	0.176253
118.8	0.176037
119.2	0.175809
119.6	0.175623
120	0.174997
120.4	0.174751
120.8	0.174824
121.2	0.174731
121.6	0.17457
122	0.174556
122.4	0.174154
122.8	0.173837
123.2	0.173837
123.6	0.173957
124	0.173791
124.4	0.17363
124.8	0.173402
125.2	0.173173
125.6	0.17285
126	0.172471
126.4	0.17211
126.8	0.171831
127.2	0.171513
127.6	0.170949
128	0.170509
128.4	0.169706
128.8	0.169311
129.2	0.168538
129.6	0.167768
130	0.166884
130.4	0.166025
130.8	0.16507
131.2	0.164083
131.6	0.163066
132	0.16205
132.4	0.161019
132.8	0.159968
133.2	0.158912
133.6	0.157931
134	0.156917
134.4	0.155931
134.8	0.154983
135.2	0.154016
135.6	0.153138
136	0.152276
136.4	0.151447
136.8	0.150636
137.2	0.149871
137.6	0.149271
138	0.149004
138.4	0.14993
138.8	0.152281
139.2	0.155289
139.6	0.158229
140	0.160611
140.4	0.162474
140.8	0.164087
141.2	0.165433
141.6	0.166728
142	0.167435
142.4	0.16849
142.8	0.169047
143.2	0.169679
143.6	0.169912
144	0.170583
144.4	0.170916
144.8	0.17111
145.2	0.171298
145.6	0.171398
146	0.171608
146.4	0.171614
146.8	0.171687
147.2	0.171789
147.6	0.171743
148	0.17195
148.4	0.17198
148.8	0.171945
149.2	0.171897
149.6	0.172018
150	0.17197
150.4	0.172019
150.8	0.172011
151.2	0.171988
151.6	0.172011
152	0.17201
152.4	0.17204
152.8	0.172027
153.2	0.172064
153.6	0.171947
154	0.172051
154.4	0.172034
154.8	0.172051
155.2	0.172044
155.6	0.172027
156	0.171992
156.4	0.172004
156.8	0.172012
157.2	0.171974
157.6	0.171954
158	0.171977
158.4	0.171815
158.8	0.171949
159.2	0.171932
159.6	0.171902
160	0.171921
160.4	0.171896
160.8	0.171911
161.2	0.171876
161.6	0.171871
162	0.17185
162.4	0.171773
162.8	0.171814
163.2	0.171818
163.6	0.171815
164	0.171827
164.4	0.171779
164.8	0.171765
165.2	0.171763
165.6	0.171751
166	0.171756
166.4	0.171745
166.8	0.171745
167.2	0.171741
167.6	0.171716
168	0.171708
168.4	0.171676
168.8	0.171659
169.2	0.171676
169.6	0.171667
170	0.171608
170.4	0.171652
170.8	0.171632
171.2	0.171636
171.6	0.171622
172	0.171612
172.4	0.171614
172.8	0.171548
173.2	0.171537
173.6	0.171483
174	0.171528
174.4	0.171562
174.8	0.171499
175.2	0.171503
175.6	0.171563
176	0.171507
176.4	0.171386
176.8	0.171536
177.2	0.171489
177.6	0.171514
178	0.17148
178.4	0.171498
178.8	0.171499
179.2	0.171485
179.6	0.171478
180	0.17145
180.4	0.171458
180.8	0.171472
181.2	0.171434
181.6	0.171444
182	0.17143
182.4	0.171445
182.8	0.171389
183.2	0.171429
183.6	0.171404
184	0.171429
184.4	0.171412
184.8	0.171424
185.2	0.171405
185.6	0.17136
186	0.171305
186.4	0.171278
186.8	0.171336
187.2	0.171358
187.6	0.17135
188	0.171306
188.4	0.171036
188.8	0.171361
189.2	0.171322
189.6	0.171318
190	0.171299
190.4	0.171295
190.8	0.171317
191.2	0.171317
191.6	0.171174
192	0.171218
192.4	0.171017
192.8	0.171292
193.2	0.171219
193.6	0.171079
194	0.170959
194.4	0.171192
194.8	0.171166
195.2	0.171108
195.6	0.17111
196	0.171119
196.4	0.171095
196.8	0.171057
197.2	0.171091
197.6	0.171198
198	0.170922
198.4	0.170804
198.8	0.171089
199.2	0.171127
199.6	0.171147
200	0.171135
200.4	0.171041
200.8	0.171114
201.2	0.171048
201.6	0.171088
202	0.17116
202.4	0.171115
202.8	0.171147
203.2	0.171126
203.6	0.171063
204	0.171087
204.4	0.171022
204.8	0.171048
205.2	0.17103
205.6	0.171068
206	0.171058
206.4	0.171054
206.8	0.171039
207.2	0.171023
207.6	0.171017
208	0.171029
208.4	0.171014
208.8	0.170994
209.2	0.170874
209.6	0.170973
210	0.170953
210.4	0.170986
210.8	0.1709
211.2	0.170825
211.6	0.170942
212	0.170965
212.4	0.170965
212.8	0.170943
213.2	0.170968
213.6	0.170953
214	0.170933
214.4	0.170904
214.8	0.170952
215.2	0.170891
215.6	0.170963
216	0.170954
216.4	0.170931
216.8	0.170948
217.2	0.17092
217.6	0.170918
218	0.170901
218.4	0.170901
218.8	0.170905
219.2	0.170886
219.6	0.170896
220	0.170855
220.4	0.170897
220.8	0.170905
221.2	0.17088
221.6	0.170879
222	0.17089
222.4	0.170873
222.8	0.170899
223.2	0.170883
223.6	0.170877
224	0.170853
224.4	0.170894
224.8	0.170864
225.2	0.170837
225.6	0.170847
226	0.170835
226.4	0.17084
226.8	0.17084
227.2	0.170833
227.6	0.170854
228	0.170844
228.4	0.170869
228.8	0.170762
229.2	0.170555
229.6	0.170844
230	0.170738
230.4	0.170718
230.8	0.170807
231.2	0.170726
231.6	0.170716
232	0.170676
232.4	0.17083
232.8	0.170745
233.2	0.170789
233.6	0.170671
234	0.170777
234.4	0.170652
234.8	0.170539
235.2	0.170353
235.6	0.170555
236	0.170619
236.4	0.170607
236.8	0.17064
237.2	0.170608
237.6	0.170669
238	0.170663
238.4	0.170704
238.8	0.170661
239.2	0.170692
239.6	0.170689
240	0.170606
240.4	0.170455
240.8	0.17045
241.2	0.170426
241.6	0.170456
242	0.170417
242.4	0.170177
242.8	0.170266
243.2	0.170171
243.6	0.170121
244	0.170166
244.4	0.170195
244.8	0.170169
245.2	0.170158
245.6	0.170149
246	0.170243
246.4	0.170344
246.8	0.170304
247.2	0.170414
247.6	0.17042
248	0.170406
248.4	0.170336
248.8	0.170369
249.2	0.170259
249.6	0.170301
250	0.170134
250.4	0.170286
250.8	0.170419
251.2	0.17048
251.6	0.170062
252	0.170291
252.4	0.170464
252.8	0.170429
253.2	0.170427
253.6	0.17037
254	0.170362
254.4	0.17016
254.8	0.170334
255.2	0.170322
255.6	0.17032
256	0.170466
256.4	0.170438
256.8	0.170398
257.2	0.170392
257.6	0.170292
258	0.170473
258.4	0.170441
258.8	0.170346
259.2	0.170432
259.6	0.170473
260	0.170464
260.4	0.170267
260.8	0.170407
261.2	0.170433
261.6	0.170343
262	0.170354
262.4	0.170327
262.8	0.170406
263.2	0.170381
263.6	0.170331
264	0.170419
264.4	0.170382
264.8	0.170303
265.2	0.170246
265.6	0.170138
266	0.170098
266.4	0.170075
266.8	0.170041
267.2	0.170016
267.6	0.169994
268	0.170128
268.4	0.169969
268.8	0.169901
269.2	0.169927
269.6	0.16998
270	0.170049
270.4	0.169999
270.8	0.169949
271.2	0.169989
271.6	0.170042
272	0.170033
272.4	0.169969
272.8	0.169927
273.2	0.169981
273.6	0.170339
274	0.170088
274.4	0.170197
274.8	0.170338
275.2	0.169989
275.6	0.170106
276	0.170192
276.4	0.170215
276.8	0.170038
277.2	0.170237
277.6	0.170108
278	0.170285
278.4	0.170273
278.8	0.170152
279.2	0.170171
279.6	0.170021
280	0.170093
280.4	0.170086
280.8	0.170064
281.2	0.170108
281.6	0.170194
282	0.170207
282.4	0.170223
282.8	0.170202
283.2	0.170178
283.6	0.170157
284	0.170139
284.4	0.170146
284.8	0.170175
285.2	0.170157
285.6	0.17021
286	0.170189
286.4	0.170182
286.8	0.170181
287.2	0.170164
287.6	0.170165
288	0.170167
288.4	0.170157
288.8	0.170154
289.2	0.170152
289.6	0.170158
290	0.170114
290.4	0.170085
290.8	0.170146
291.2	0.170128
291.6	0.170097
292	0.170076
292.4	0.170093
292.8	0.170076
293.2	0.170028
293.6	0.170087
294	0.170101
294.4	0.170085
294.8	0.170085
295.2	0.170034
295.6	0.17006
296	0.170066
296.4	0.169951
296.8	0.170041
297.2	0.169907
297.6	0.169982
298	0.170013
298.4	0.170013
298.8	0.169982
299.2	0.169999
299.6	0.169985
300	0.169907
300.4	0.169926
300.8	0.169966
301.2	0.169893
301.6	0.169726
302	0.169884
302.4	0.169878
302.8	0.169813
303.2	0.1697
303.6	0.16959
304	0.169521
304.4	0.16985
304.8	0.169872
305.2	0.169845
305.6	0.169856
306	0.169866
306.4	0.169832
306.8	0.169856
307.2	0.1698
307.6	0.169803
308	0.169822
308.4	0.169693
308.8	0.169788
309.2	0.169699
309.6	0.169801
310	0.169809
310.4	0.169725
310.8	0.169753
311.2	0.169803
311.6	0.169789
312	0.169786
312.4	0.16972
312.8	0.169786
313.2	0.169735
313.6	0.169803
314	0.169768
314.4	0.169678
314.8	0.169768
315.2	0.169365
315.6	0.169393
316	0.169673
316.4	0.16965
316.8	0.169744
317.2	0.169747
317.6	0.169699
318	0.1697
318.4	0.16973
318.8	0.169683
319.2	0.169677
319.6	0.169659
320	0.169687
320.4	0.169589
320.8	0.169593
321.2	0.169615
321.6	0.169656
322	0.169639
322.4	0.169599
322.8	0.169608
323.2	0.169641
323.6	0.169607
324	0.169538
324.4	0.169545
324.8	0.169559
325.2	0.169591
325.6	0.169588
326	0.169585
326.4	0.169575
326.8	0.16949
327.2	0.169518
327.6	0.169534
328	0.169517
328.4	0.169412
328.8	0.169486
329.2	0.169492
329.6	0.169511
330	0.169492
330.4	0.169464
330.8	0.169379
331.2	0.169458
331.6	0.169481
332	0.169459
332.4	0.169474
332.8	0.169443
333.2	0.169393
333.6	0.16945
334	0.169438
334.4	0.169427
334.8	0.169438
335.2	0.169418
335.6	0.169389
336	0.169354
336.4	0.169367
336.8	0.169365
337.2	0.169384
337.6	0.1694
338	0.169386
338.4	0.169367
338.8	0.169307
339.2	0.169333
339.6	0.169322
340	0.16935
340.4	0.169329
340.8	0.169332
341.2	0.16931
341.6	0.169307
342	0.169297
342.4	0.169304
342.8	0.169299
343.2	0.169292
343.6	0.169279
344	0.169218
344.4	0.169211
344.8	0.169217
345.2	0.169277
345.6	0.169239
346	0.169232
346.4	0.169149
346.8	0.169264
347.2	0.169272
347.6	0.169245
348	0.169206
348.4	0.169194
348.8	0.169195
349.2	0.169206
349.6	0.169121
350	0.169086
350.4	0.168989
350.8	0.169085
351.2	0.169098
351.6	0.169134
352	0.1692
352.4	0.169083
352.8	0.169131
353.2	0.169
353.6	0.169103
354	0.169199
354.4	0.169163
354.8	0.169166
355.2	0.169157
355.6	0.169047
356	0.169145
356.4	0.169129
356.8	0.169144
357.2	0.169126
357.6	0.169106
358	0.16915
358.4	0.169128
358.8	0.169123
359.2	0.169125
359.6	0.16912
360	0.169134
360.4	0.169089
360.8	0.169111
361.2	0.169085
361.6	0.169084
362	0.169097
362.4	0.169077
362.8	0.169082
363.2	0.16906
363.6	0.169058
364	0.168985
364.4	0.16909
364.8	0.16905
365.2	0.169047
365.6	0.169026
366	0.169066
366.4	0.169002
366.8	0.169076
367.2	0.169061
367.6	0.169008
368	0.169065
368.4	0.169048
368.8	0.168903
369.2	0.16883
369.6	0.168806
370	0.168688
370.4	0.168769
370.8	0.169012
371.2	0.168988
371.6	0.168968
372	0.168934
372.4	0.168926
372.8	0.168928
373.2	0.168946
373.6	0.168939
374	0.168924
374.4	0.168908
374.8	0.168929
375.2	0.168841
375.6	0.168945
376	0.168935
376.4	0.168919
376.8	0.168866
377.2	0.168822
377.6	0.168879
378	0.168842
378.4	0.16873
378.8	0.168818
379.2	0.168839
379.6	0.168824
380	0.168823
380.4	0.168794
380.8	0.168802
381.2	0.168777
381.6	0.168763
382	0.16878
382.4	0.168789
382.8	0.168765
383.2	0.168749
383.6	0.168738
384	0.168732
384.4	0.168717
384.8	0.168731
385.2	0.16873
385.6	0.168698
386	0.168703
386.4	0.168691
386.8	0.168702
387.2	0.168682
387.6	0.168696
388	0.168684
388.4	0.168671
388.8	0.168689
389.2	0.168645
389.6	0.168673
390	0.16864
390.4	0.168509
390.8	0.168668
391.2	0.168581
391.6	0.168591
392	0.168639
392.4	0.168642
392.8	0.168616
393.2	0.168628
393.6	0.168604
394	0.168511
394.4	0.168616
394.8	0.168614
395.2	0.168545
395.6	0.168402
396	0.168366
396.4	0.168446
396.8	0.168632
397.2	0.168565
397.6	0.168537
398	0.168477
398.4	0.168604
398.8	0.168611
399.2	0.168589
399.6	0.168589
400	0.168586
400.4	0.168396
400.8	0.168469
401.2	0.168405
401.6	0.168364
402	0.168514
402.4	0.168468
402.8	0.168518
403.2	0.168397
403.6	0.16858
404	0.168577
404.4	0.168532
404.8	0.16847
405.2	0.168507
405.6	0.16847
406	0.168481
406.4	0.168431
406.8	0.168465
407.2	0.16844
407.6	0.168496
408	0.16853
408.4	0.16849
408.8	0.168472
409.2	0.168447
409.6	0.168473
410	0.168442
410.4	0.168352
410.8	0.168466
411.2	0.168398
411.6	0.168403
412	0.168411
412.4	0.168395
412.8	0.168442
413.2	0.168361
413.6	0.1684
414	0.168412
414.4	0.168439
414.8	0.168382
415.2	0.168393
415.6	0.168387
416	0.16836
416.4	0.168232
416.8	0.168416
417.2	0.16839
417.6	0.168372
418	0.168373
418.4	0.168325
418.8	0.168388
419.2	0.168383
419.6	0.168339
420	0.168368
420.4	0.168338
420.8	0.16829
421.2	0.168354
421.6	0.168413
422	0.168242
422.4	0.168067
422.8	0.168313
423.2	0.168277
423.6	0.168265
424	0.168229
424.4	0.168251
424.8	0.168166
425.2	0.168212
425.6	0.168152
426	0.168177
426.4	0.168105
426.8	0.168109
427.2	0.168151
427.6	0.168172
428	0.168161
428.4	0.16805
428.8	0.168157
429.2	0.168116
429.6	0.168124
430	0.168126
430.4	0.168161
430.8	0.168043
431.2	0.168084
431.6	0.168141
432	0.168105
432.4	0.168108
432.8	0.168083
433.2	0.168097
433.6	0.168124
434	0.168034
434.4	0.168113
434.8	0.167994
435.2	0.168075
435.6	0.168104
436	0.168103
436.4	0.167969
436.8	0.168111
437.2	0.168088
437.6	0.168062
438	0.168089
438.4	0.168055
438.8	0.168036
439.2	0.168064
439.6	0.167998
440	0.168081
440.4	0.168018
440.8	0.168053
441.2	0.168021
441.6	0.168003
442	0.168011
442.4	0.167967
442.8	0.167932
443.2	0.167959
443.6	0.167987
444	0.167945
444.4	0.167924
444.8	0.167973
445.2	0.167797
445.6	0.167923
446	0.16789
446.4	0.167875
446.8	0.16792
447.2	0.167879
447.6	0.167906
448	0.167867
448.4	0.167883
448.8	0.167875
449.2	0.167885
449.6	0.16791
450	0.167925
450.4	0.167797
450.8	0.167855
451.2	0.167852
451.6	0.167865
452	0.167825
452.4	0.167796
452.8	0.167906
453.2	0.168053
453.6	0.167961
454	0.167857
454.4	0.167717
454.8	0.167842
455.2	0.167781
455.6	0.16766
456	0.167715
456.4	0.167756
456.8	0.167689
457.2	0.167715
457.6	0.167712
458	0.167684
458.4	0.16762
458.8	0.167737
459.2	0.16762
459.6	0.167703
460	0.16762
460.4	0.167648
460.8	0.167714
461.2	0.167848
461.6	0.167641
462	0.167721
462.4	0.167767
462.8	0.167627
463.2	0.167713
463.6	0.167794
464	0.167685
464.4	0.167741
464.8	0.167683
465.2	0.167694
465.6	0.167725
466	0.16763
466.4	0.167698
466.8	0.167697
467.2	0.167683
467.6	0.167652
468	0.1676
468.4	0.167505
468.8	0.16767
469.2	0.167656
469.6	0.167636
470	0.167597
470.4	0.16759
470.8	0.167601
471.2	0.167581
471.6	0.167558
472	0.167597
472.4	0.167479
472.8	0.167591
473.2	0.167581
473.6	0.167573
474	0.16753
474.4	0.167549
474.8	0.167537
475.2	0.167547
475.6	0.167571
476	0.167551
476.4	0.167539
476.8	0.167384
477.2	0.167545
477.6	0.167247
478	0.167577
478.4	0.167536
478.8	0.167509
479.2	0.167492
479.6	0.167508
480	0.167494
480.4	0.167477
480.8	0.167478
481.2	0.16746
481.6	0.167277
482	0.167083
482.4	0.167358
482.8	0.167303
483.2	0.167396
483.6	0.167337
484	0.16724
484.4	0.167288
484.8	0.16733
485.2	0.167303
485.6	0.167322
486	0.167242
486.4	0.167237
486.8	0.167243
487.2	0.167278
487.6	0.167124
488	0.167048
488.4	0.167256
488.8	0.167206
489.2	0.167377
489.6	0.167361
490	0.167111
490.4	0.167223
490.8	0.16729
491.2	0.167107
491.6	0.167307
492	0.166975
492.4	0.166986
492.8	0.166921
493.2	0.167126
493.6	0.167013
494	0.167256
494.4	0.16722
494.8	0.167077
495.2	0.167203
495.6	0.167343
496	0.16723
496.4	0.167089
496.8	0.167365
497.2	0.167309
497.6	0.16731
498	0.167191
498.4	0.167262
498.8	0.167243
499.2	0.167272
499.6	0.167284
500	0.16729
500.4	0.167267
500.8	0.167216
501.2	0.167172
501.6	0.167292
502	0.167282
502.4	0.167194
502.8	0.167137
503.2	0.166996
503.6	0.167107
504	0.167274
504.4	0.167219
504.8	0.167211
505.2	0.167244
505.6	0.167296
506	0.167248
506.4	0.167036
506.8	0.167261
507.2	0.167257
507.6	0.167139
508	0.167189
508.4	0.167018
508.8	0.16697
509.2	0.167082
509.6	0.167217
510	0.167114
510.4	0.167179
510.8	0.167195
511.2	0.167181
511.6	0.167187
512	0.167154
512.4	0.167085
512.8	0.167172
513.2	0.167212
513.6	0.167038
514	0.167193
514.4	0.167222
514.8	0.167109
515.2	0.16701
515.6	0.167029
516	0.166994
516.4	0.167104
516.8	0.16701
517.2	0.16699
517.6	0.167046
518	0.166951
518.4	0.166936
518.8	0.166951
519.2	0.166976
519.6	0.166937
520	0.167038
520.4	0.166893
520.8	0.166834
521.2	0.166887
521.6	0.166939
522	0.166995
522.4	0.166972
522.8	0.166931
523.2	0.166951
523.6	0.16699
524	0.166985
524.4	0.167023
524.8	0.167003
525.2	0.166983
525.6	0.167012
526	0.166977
526.4	0.166978
526.8	0.166943
527.2	0.166959
527.6	0.166941
528	0.166991
528.4	0.166961
528.8	0.166885
529.2	0.166941
529.6	0.166873
530	0.166914
530.4	0.16689
530.8	0.166868
531.2	0.166956
531.6	0.166885
532	0.166794
532.4	0.166898
532.8	0.166865
533.2	0.166909
533.6	0.166929
534	0.166905
534.4	0.166877
534.8	0.166855
535.2	0.166912
535.6	0.166916
536	0.166835
536.4	0.1669
536.8	0.166854
537.2	0.166826
537.6	0.166851
538	0.166902
538.4	0.166786
538.8	0.166849
539.2	0.166872
539.6	0.166872
540	0.166863
540.4	0.166875
540.8	0.166831
541.2	0.166843
541.6	0.166741
542	0.166743
542.4	0.166763
542.8	0.166887
543.2	0.166875
543.6	0.166834
544	0.166894
544.4	0.166919
544.8	0.166838
545.2	0.166851
545.6	0.166823
546	0.166951
546.4	0.166817
546.8	0.166674
547.2	0.166723
547.6	0.166679
548	0.166954
548.4	0.166801
548.8	0.166915
549.2	0.166852
549.6	0.166769
550	0.166901
550.4	0.166882
550.8	0.167046
551.2	0.167042
551.6	0.167101
552	0.167125
552.4	0.167201
552.8	0.167224
553.2	0.167231
553.6	0.167282
554	0.167228
554.4	0.167331
554.8	0.167347
555.2	0.167403
555.6	0.167495
556	0.167496
556.4	0.167552
556.8	0.167687
557.2	0.167709
557.6	0.167704
558	0.16783
558.4	0.16788
558.8	0.168
559.2	0.168051
559.6	0.168151
560	0.168195
560.4	0.168222
560.8	0.168407
561.2	0.168495
561.6	0.168624
562	0.16874
562.4	0.168813
562.8	0.168904
563.2	0.169022
563.6	0.169106
564	0.169206
564.4	0.169312
564.8	0.169403
565.2	0.16949
565.6	0.16956
566	0.169625
566.4	0.169664
566.8	0.16972
567.2	0.169577
567.6	0.16963
568	0.169618
568.4	0.169817
568.8	0.169605
569.2	0.169608
569.6	0.169785
570	0.169795
570.4	0.169618
570.8	0.169694
571.2	0.169638
571.6	0.169582
572	0.169535
572.4	0.169488
572.8	0.169392
573.2	0.169264
573.6	0.169249
574	0.169128
574.4	0.169046
574.8	0.168984
575.2	0.168872
575.6	0.168775
576	0.168713
576.4	0.16862
576.8	0.168587
577.2	0.168197
577.6	0.168239
578	0.168359
578.4	0.168297
578.8	0.168246
579.2	0.16817
579.6	0.168112
580	0.168013
580.4	0.167984
580.8	0.167901
581.2	0.167853
581.6	0.167872
582	0.167811
582.4	0.167832
582.8	0.167824
583.2	0.167816
583.6	0.167852
584	0.167866
584.4	0.167898
584.8	0.167997
585.2	0.168106
585.6	0.168262
586	0.168437
586.4	0.168702
586.8	0.169057
587.2	0.169508
587.6	0.170079
588	0.170784
588.4	0.171678
588.8	0.172756
589.2	0.174007
589.6	0.175516
590	0.177148
590.4	0.178926
590.8	0.180868
591.2	0.182792
591.6	0.18475
592	0.186653
592.4	0.188507
592.8	0.190265
593.2	0.19183
593.6	0.19332
594	0.1946
594.4	0.195697
594.8	0.196624
595.2	0.197397
595.6	0.198033
596	0.198563
596.4	0.198989
596.8	0.199386
597.2	0.199648
597.6	0.199884
598	0.200015
598.4	0.200093
598.8	0.200128
599.2	0.200112
599.6	0.200052
600	0.199956
600.4	0.199823
600.8	0.199662
601.2	0.199501
601.6	0.199296
602	0.199014
602.4	0.198809
602.8	0.198566
603.2	0.198244
603.6	0.19787
604	0.197705
604.4	0.197116
604.8	0.196936
605.2	0.196516
605.6	0.196265
606	0.195926
606.4	0.195456
606.8	0.195098
607.2	0.194958
607.6	0.194349
608	0.19422
608.4	0.193619
608.8	0.193329
609.2	0.192964
609.6	0.192392
610	0.192106
610.4	0.191493
610.8	0.190888
611.2	0.190497
611.6	0.190272
612	0.189858
612.4	0.18933
612.8	0.188913
613.2	0.188375
613.6	0.187884
614	0.187563
614.4	0.187078
614.8	0.186781
615.2	0.186156
615.6	0.1857
616	0.18525
616.4	0.184885
616.8	0.184419
617.2	0.183716
617.6	0.183383
618	0.182832
618.4	0.182418
618.8	0.182171
619.2	0.18169
619.6	0.181255
620	0.18082
620.4	0.180359
620.8	0.17993
621.2	0.179497
621.6	0.178925
622	0.178503
622.4	0.178158
622.8	0.177804
623.2	0.177342
623.6	0.17704
624	0.17642
624.4	0.176196
624.8	0.175969
625.2	0.175517
625.6	0.17522
626	0.174923
626.4	0.174665
626.8	0.174397
627.2	0.17402
627.6	0.173483
628	0.17347
628.4	0.173315
628.8	0.17303
629.2	0.172579
629.6	0.172631
630	0.172414
630.4	0.172112
630.8	0.171976
631.2	0.171817
631.6	0.171635
632	0.171442
632.4	0.171259
632.8	0.171171
633.2	0.170975
633.6	0.170801
634	0.170746
634.4	0.170518
634.8	0.170497
635.2	0.170305
635.6	0.170243
636	0.170175
636.4	0.170021
636.8	0.17
637.2	0.169878
637.6	0.169548
638	0.169709
638.4	0.169384
638.8	0.169463
639.2	0.169319
639.6	0.169357
640	0.169218
640.4	0.169067
640.8	0.169013
641.2	0.169039
641.6	0.169064
642	0.16906
642.4	0.169016
642.8	0.168991
643.2	0.168938
643.6	0.168885
644	0.16881
644.4	0.168758
644.8	0.168726
645.2	0.168683
645.6	0.168623
646	0.16855
646.4	0.168528
646.8	0.168505
647.2	0.168456
647.6	0.168422
648	0.168381
648.4	0.168238
648.8	0.168178
649.2	0.16824
649.6	0.168248
650	0.168206
650.4	0.168183
650.8	0.168089
651.2	0.167893
651.6	0.168128
652	0.168082
652.4	0.167948
652.8	0.168008
653.2	0.167984
653.6	0.167868
654	0.167981
654.4	0.167905
654.8	0.167887
655.2	0.167919
655.6	0.167742
656	0.167853
656.4	0.167791
656.8	0.167808
657.2	0.167773
657.6	0.16763
658	0.167733
658.4	0.167725
658.8	0.167682
659.2	0.16763
659.6	0.167657
660	0.167655
660.4	0.167627
660.8	0.167613
661.2	0.167594
661.6	0.167585
662	0.167558
662.4	0.167527
662.8	0.167518
663.2	0.167344
663.6	0.167474
664	0.16744
664.4	0.167415
664.8	0.167439
665.2	0.167414
665.6	0.167287
666	0.167296
666.4	0.167308
666.8	0.16733
667.2	0.167353
667.6	0.167297
668	0.167304
668.4	0.167256
668.8	0.167246
669.2	0.167231
669.6	0.198537
670	0.186148
670.4	0.181499
670.8	0.179217
671.2	0.177942
671.6	0.177128
672	0.176531
672.4	0.176212
672.8	0.175886
673.2	0.175608
673.6	0.175211
674	0.174997
674.4	0.174833
674.8	0.174755
675.2	0.174531
675.6	0.174574
676	0.174291
676.4	0.1743
676.8	0.174162
677.2	0.173931
677.6	0.17394
678	0.173959
678.4	0.173846
678.8	0.173758
679.2	0.173577
679.6	0.17358
680	0.173588
680.4	0.173381
680.8	0.173413
681.2	0.173366
681.6	0.173342
682	0.173258
682.4	0.173093
682.8	0.173156
683.2	0.173084
683.6	0.173101
684	0.172963
684.4	0.173019
684.8	0.172978
685.2	0.172911
685.6	0.172821
686	0.172856
686.4	0.172792
686.8	0.172771
687.2	0.172764
687.6	0.172657
688	0.172654
688.4	0.172667
688.8	0.172662
689.2	0.172592
689.6	0.172599
690	0.172538
690.4	0.172538
690.8	0.172341
691.2	0.172386
691.6	0.172226
692	0.172419
692.4	0.172123
692.8	0.17215
693.2	0.172285
693.6	0.172276
694	0.17234
694.4	0.172311
694.8	0.172218
695.2	0.172099
695.6	0.172043
696	0.171925
696.4	0.172245
696.8	0.172236
697.2	0.172209
697.6	0.17218
698	0.172157
698.4	0.172127
698.8	0.172124
699.2	0.172096
699.6	0.172035
700	0.172051
700.4	0.172047
700.8	0.17203
701.2	0.171985
701.6	0.172004
702	0.171898
702.4	0.171704
702.8	0.171974
703.2	0.171954
703.6	0.17192
704	0.171918
704.4	0.171897
704.8	0.171897
705.2	0.171822
705.6	0.171776
706	0.171835
706.4	0.171802
706.8	0.171839
707.2	0.17183
707.6	0.171661
708	0.171752
708.4	0.17174
708.8	0.171759
709.2	0.17175
709.6	0.171728
710	0.171576
710.4	0.171639
710.8	0.171611
711.2	0.171668
711.6	0.171634
712	0.171548
712.4	0.171539
712.8	0.17157
713.2	0.171601
713.6	0.171603
714	0.171545
714.4	0.171464
714.8	0.171546
715.2	0.171531
715.6	0.171512
716	0.171527
716.4	0.171517
716.8	0.171515
717.2	0.171501
717.6	0.17148
718	0.171489
718.4	0.171432
718.8	0.171456
719.2	0.171418
719.6	0.171384
720	0.17139
720.4	0.171376
720.8	0.171361
721.2	0.171362
721.6	0.171378
722	0.171384
722.4	0.171378
722.8	0.171295
723.2	0.17133
723.6	0.171349
724	0.171309
724.4	0.171312
724.8	0.171315
725.2	0.171301
725.6	0.171295
726	0.171274
726.4	0.171276
726.8	0.171278
727.2	0.171269
727.6	0.17124
728	0.171241
728.4	0.171254
728.8	0.171226
729.2	0.171217
729.6	0.171215
730	0.171219
730.4	0.171219
730.8	0.171184
731.2	0.171199
731.6	0.171209
732	0.171208
732.4	0.171186
732.8	0.171184
733.2	0.171204
733.6	0.171181
734	0.171192
734.4	0.171085
734.8	0.171193
735.2	0.171164
735.6	0.171188
736	0.17119
736.4	0.17114
736.8	0.171129
737.2	0.171172
737.6	0.17118
738	0.171196
738.4	0.171183
738.8	0.171166
739.2	0.171187
739.6	0.171001
740	0.171125
740.4	0.171142
740.8	0.171168
741.2	0.171068
741.6	0.171152
742	0.171198
742.4	0.171122
742.8	0.171167
743.2	0.171169
743.6	0.171127
744	0.171157
744.4	0.171202
744.8	0.171208
745.2	0.171131
745.6	0.171246
746	0.171241
746.4	0.17122
746.8	0.171274
747.2	0.171277
747.6	0.171275
748	0.17128
748.4	0.17124
748.8	0.17125
749.2	0.171169
749.6	0.171298
750	0.171292
750.4	0.171277
750.8	0.171314
751.2	0.1712
751.6	0.171294
752	0.171343
752.4	0.171347
752.8	0.17135
753.2	0.171351
753.6	0.171422
754	0.171435
754.4	0.171321
754.8	0.171437
755.2	0.17142
755.6	0.171474
756	0.171475
756.4	0.17147
756.8	0.17146
757.2	0.171382
757.6	0.17133
758	0.171305
758.4	0.171406
758.8	0.17141
759.2	0.171486
759.6	0.171374
760	0.171558
760.4	0.171536
760.8	0.171556
761.2	0.171572
761.6	0.171557
762	0.171597
762.4	0.171586
762.8	0.171613
763.2	0.171598
763.6	0.171536
764	0.171636
764.4	0.171607
764.8	0.171618
765.2	0.171602
765.6	0.171572
766	0.171295
766.4	0.1713
766.8	0.171582
767.2	0.1717
767.6	0.171667
768	0.171556
768.4	0.171621
768.8	0.171725
769.2	0.171673
769.6	0.171684
770	0.17178
770.4	0.17175
770.8	0.171711
771.2	0.171746
771.6	0.171698
772	0.171823
772.4	0.171851
772.8	0.171843
773.2	0.171879
773.6	0.171877
774	0.171912
774.4	0.171932
774.8	0.171945
775.2	0.171972
775.6	0.171995
776	0.171981
776.4	0.172006
776.8	0.172021
777.2	0.172034
777.6	0.171732
778	0.171846
778.4	0.172062
778.8	0.172029
779.2	0.172058
779.6	0.171985
780	0.171991
780.4	0.17199
780.8	0.171982
781.2	0.171979
781.6	0.172099
782	0.172239
782.4	0.172203
782.8	0.17215
783.2	0.172286
783.6	0.17227
784	0.172374
784.4	0.172377
784.8	0.172421
785.2	0.172392
785.6	0.172462
786	0.172437
786.4	0.17248
786.8	0.172521
787.2	0.172509
787.6	0.172528
788	0.172608
788.4	0.172531
788.8	0.172658
789.2	0.172698
789.6	0.17266
790	0.172728
790.4	0.172794
790.8	0.172788
791.2	0.172801
791.6	0.172839
792	0.172682
792.4	0.172777
792.8	0.172938
793.2	0.172886
793.6	0.172991
794	0.173027
794.4	0.173054
794.8	0.173078
795.2	0.17313
795.6	0.173183
796	0.173198
796.4	0.173267
796.8	0.173332
797.2	0.173333
797.6	0.173344
798	0.173343
798.4	0.173373
798.8	0.173499
799.2	0.173545
799.6	0.173609
800	0.173658
800.4	0.173712
800.8	0.173749
801.2	0.173811
801.6	0.173797
802	0.173953
802.4	0.17404
802.8	0.174049
803.2	0.174146
803.6	0.174288
804	0.174344
804.4	0.17457
804.8	0.174768
805.2	0.174937
805.6	0.175142
806	0.175426
806.4	0.175693
806.8	0.176118
807.2	0.176556
807.6	0.177052
808	0.177654
808.4	0.178322
808.8	0.17927
809.2	0.180376
809.6	0.181755
810	0.183347
810.4	0.185314
810.8	0.187605
811.2	0.190179
811.6	0.193087
812	0.196264
812.4	0.199629
812.8	0.2032
813.2	0.206688
813.6	0.210287
814	0.213723
814.4	0.217043
814.8	0.220222
815.2	0.223183
815.6	0.22593
816	0.228427
816.4	0.230646
816.8	0.232588
817.2	0.234348
817.6	0.235889
818	0.237327
818.4	0.238536
818.8	0.239569
819.2	0.240412
819.6	0.241333
820	0.242019
820.4	0.242625
820.8	0.243129
821.2	0.243563
821.6	0.243872
822	0.244186
822.4	0.244266
822.8	0.244633
823.2	0.244781
823.6	0.244894
824	0.244954
824.4	0.244981
824.8	0.244966
825.2	0.244919
825.6	0.244882
826	0.24477
826.4	0.244641
826.8	0.244377
827.2	0.244346
827.6	0.244158
828	0.244038
828.4	0.243793
828.8	0.24364
829.2	0.243436
829.6	0.243191
830	0.242991
830.4	0.242751
830.8	0.242487
831.2	0.242231
831.6	0.241976
832	0.241725
832.4	0.24143
832.8	0.24115
833.2	0.240858
833.6	0.24058
834	0.240175
834.4	0.239926
834.8	0.239612
835.2	0.239286
835.6	0.238942
836	0.238601
836.4	0.238285
836.8	0.2379
837.2	0.237565
837.6	0.237211
838	0.236838
838.4	0.236481
838.8	0.236097
839.2	0.235703
839.6	0.235331
840	0.234932
840.4	0.234485
840.8	0.234165
841.2	0.233758
841.6	0.2333
842	0.232887
842.4	0.232524
842.8	0.232113
843.2	0.231668
843.6	0.231138
844	0.230787
844.4	0.230336
844.8	0.229896
845.2	0.229436
845.6	0.228852
846	0.228431
846.4	0.228009
846.8	0.227531
847.2	0.227102
847.6	0.226611
848	0.226101
848.4	0.22563
848.8	0.225046
849.2	0.224485
849.6	0.223973
850	0.223581
850.4	0.223049
850.8	0.222514
851.2	0.221957
851.6	0.221468
852	0.220895
852.4	0.220324
852.8	0.219781
853.2	0.219223
853.6	0.218662
854	0.218081
854.4	0.217496
854.8	0.216959
855.2	0.216372
855.6	0.215744
856	0.215197
856.4	0.214603
856.8	0.21401
857.2	0.213383
857.6	0.212724
858	0.212102
858.4	0.211525
858.8	0.210915
859.2	0.210307
859.6	0.209676
860	0.209075
860.4	0.208449
860.8	0.207835
861.2	0.207201
861.6	0.206609
862	0.205976
862.4	0.205351
862.8	0.204783
863.2	0.204153
863.6	0.203372
864	0.202902
864.4	0.202135
864.8	0.201686
865.2	0.201119
865.6	0.200637
866	0.200054
866.4	0.199493
866.8	0.19904
867.2	0.198365
867.6	0.197895
868	0.197487
868.4	0.196802
868.8	0.196281
869.2	0.195816
869.6	0.19533
870	0.194878
870.4	0.194415
870.8	0.193914
871.2	0.193414
871.6	0.193062
872	0.192629
872.4	0.192243
872.8	0.191862
873.2	0.191449
873.6	0.191011
874	0.190711
874.4	0.190341
874.8	0.189976
875.2	0.189668
875.6	0.18932
876	0.189044
876.4	0.188741
876.8	0.188432
877.2	0.188118
877.6	0.187834
878	0.187568
878.4	0.187283
878.8	0.187016
879.2	0.186785
879.6	0.186543
880	0.186297
880.4	0.186063
880.8	0.185812
881.2	0.185632
881.6	0.185397
882	0.18521
882.4	0.184993
882.8	0.184481
883.2	0.184521
883.6	0.184398
884	0.184031
884.4	0.183963
884.8	0.183908
885.2	0.183775
885.6	0.183485
886	0.183366
886.4	0.183286
886.8	0.183077
887.2	0.182786
887.6	0.182792
888	0.182735
888.4	0.182612
888.8	0.18251
889.2	0.182402
889.6	0.182211
890	0.181938
890.4	0.18196
890.8	0.181763
891.2	0.181714
891.6	0.181617
892	0.181555
892.4	0.18129
892.8	0.18121
893.2	0.181193
893.6	0.181108
894	0.180995
894.4	0.180878
894.8	0.18081
895.2	0.180698
895.6	0.180645
896	0.180504
896.4	0.180366
896.8	0.18029
897.2	0.180224
897.6	0.180117
898	0.179999
898.4	0.179889
898.8	0.179802
899.2	0.179777
899.6	0.179703
900	0.17958
900.4	0.179579
900.8	0.179471
901.2	0.179396
901.6	0.179322
902	0.179263
902.4	0.179169
902.8	0.179091
903.2	0.178943
903.6	0.178924
904	0.178829
904.4	0.178758
904.8	0.17868
905.2	0.178625
905.6	0.178564
906	0.178475
906.4	0.178379
906.8	0.178349
907.2	0.17824
907.6	0.178185
908	0.17812
908.4	0.178046
908.8	0.177989
909.2	0.177926
909.6	0.177868
910	0.177795
910.4	0.177728
910.8	0.177639
911.2	0.177589
911.6	0.177521
912	0.17746
912.4	0.177391
912.8	0.177311
913.2	0.177274
913.6	0.17721
914	0.177128
914.4	0.177035
914.8	0.176969
915.2	0.176896
915.6	0.176862
916	0.176667
916.4	0.176638
916.8	0.176576
917.2	0.176654
917.6	0.176488
918	0.176451
918.4	0.176439
918.8	0.176407
919.2	0.176394
919.6	0.176298
920	0.176295
920.4	0.17624
920.8	0.176184
921.2	0.176158
921.6	0.176118
922	0.176051
922.4	0.176009
922.8	0.17596
923.2	0.175918
923.6	0.175865
924	0.17579
924.4	0.17577
924.8	0.175624
925.2	0.17562
925.6	0.175583
926	0.175466
926.4	0.175543
926.8	0.175502
927.2	0.175458
927.6	0.175429
928	0.175225
928.4	0.175349
928.8	0.175326
929.2	0.175297
929.6	0.175237
930	0.17502
930.4	0.175161
930.8	0.175093
931.2	0.17508
931.6	0.175031
932	0.174999
932.4	0.174951
932.8	0.17452
933.2	0.17463
933.6	0.174624
934	0.174686
934.4	0.174739
934.8	0.174715
935.2	0.174692
935.6	0.174679
936	0.174647
936.4	0.174595
936.8	0.174563
937.2	0.174515
937.6	0.174487
938	0.174471
938.4	0.174441
938.8	0.174371
939.2	0.174363
939.6	0.174337
940	0.174314
940.4	0.174271
940.8	0.174182
941.2	0.174172
941.6	0.174171
942	0.174147
942.4	0.1741
942.8	0.174101
943.2	0.174084
943.6	0.174038
944	0.174012
944.4	0.174054
944.8	0.17393
945.2	0.173847
945.6	0.173836
946	0.173824
946.4	0.1738
946.8	0.173792
947.2	0.173761
947.6	0.173728
948	0.173708
948.4	0.173671
948.8	0.173658
949.2	0.173618
949.6	0.173583
950	0.173543
950.4	0.173519
950.8	0.173478
951.2	0.173476
951.6	0.173442
952	0.173421
952.4	0.173378
952.8	0.173365
953.2	0.173335
953.6	0.173328
954	0.173291
954.4	0.173258
954.8	0.173206
955.2	0.173202
955.6	0.173124
956	0.173207
956.4	0.173158
956.8	0.17315
957.2	0.173122
957.6	0.173098
958	0.173063
958.4	0.17305
958.8	0.173026
959.2	0.172973
959.6	0.172975
960	0.172889
960.4	0.172901
960.8	0.172878
961.2	0.172868
961.6	0.172821
962	0.172801
962.4	0.172683
962.8	0.17277
963.2	0.172708
963.6	0.172437
964	0.172637
964.4	0.172748
964.8	0.172696
965.2	0.172651
965.6	0.172688
966	0.172605
966.4	0.172541
966.8	0.172517
967.2	0.172607
967.6	0.172603
968	0.172525
968.4	0.172521
968.8	0.172334
969.2	0.172407
969.6	0.172298
970	0.17231
970.4	0.172309
970.8	0.172272
971.2	0.172213
971.6	0.172336
972	0.172262
972.4	0.17223
972.8	0.172377
973.2	0.172325
973.6	0.172208
974	0.172146
974.4	0.172302
974.8	0.172302
975.2	0.17219
975.6	0.172201
976	0.17217
976.4	0.172125
976.8	0.172027
977.2	0.171978
977.6	0.171935
978	0.172111
978.4	0.172018
978.8	0.171997
979.2	0.172
979.6	0.172002
980	0.172009
980.4	0.171995
980.8	0.171865
981.2	0.171914
981.6	0.171873
982	0.171914
982.4	0.171694
982.8	0.171844
983.2	0.171909
983.6	0.171925
984	0.171926
984.4	0.171895
984.8	0.171787
985.2	0.171819
985.6	0.171696
986	0.171673
986.4	0.171594
986.8	0.171806
987.2	0.171746
987.6	0.171773
988	0.171765
988.4	0.171634
988.8	0.171578
989.2	0.171745
989.6	0.171632
990	0.171763
990.4	0.1717
990.8	0.17162
991.2	0.171725
991.6	0.171767
992	0.171727
992.4	0.171679
992.8	0.171699
993.2	0.171631
993.6	0.171738
994	0.171692
994.4	0.171702
994.8	0.171825
995.2	0.171671
995.6	0.171818
996	0.171844
996.4	0.171936
996.8	0.171867
997.2	0.171846
997.6	0.171926
998	0.17203
998.4	0.172013
998.8	0.17201
999.2	0.172025
999.6	0.171992
1000	0.172036
1000.4	0.172139
1000.8	0.172226
1001.2	0.172276
1001.6	0.172296
1002	0.172367
1002.4	0.172415
1002.8	0.172486
1003.2	0.172461
1003.6	0.172534
1004	0.172603
1004.4	0.172847
1004.8	0.172728
1005.2	0.172807
1005.6	0.172804
1006	0.172917
1006.4	0.172977
1006.8	0.172996
1007.2	0.173079
1007.6	0.173158
1008	0.173222
1008.4	0.173253
1008.8	0.173304
1009.2	0.173367
1009.6	0.173415
1010	0.173462
1010.4	0.173463
1010.8	0.17354
1011.2	0.173442
1011.6	0.17364
1012	0.173663
1012.4	0.173706
1012.8	0.173687
1013.2	0.173761
1013.6	0.1738
1014	0.173814
1014.4	0.173813
1014.8	0.173828
1015.2	0.173864
1015.6	0.173872
1016	0.173855
1016.4	0.173877
1016.8	0.17385
1017.2	0.173874
1017.6	0.173823
1018	0.173872
1018.4	0.173733
1018.8	0.173764
1019.2	0.173745
1019.6	0.173676
1020	0.173475
1020.4	0.17361
1020.8	0.173523
1021.2	0.173527
1021.6	0.173694
1022	0.173482
1022.4	0.173567
1022.8	0.173613
1023.2	0.173473
1023.6	0.173329
1024	0.173278
1024.4	0.173295
1024.8	0.173273
1025.2	0.173237
1025.6	0.173315
1026	0.173142
1026.4	0.173146
1026.8	0.172984
1027.2	0.173088
1027.6	0.172895
1028	0.172925
1028.4	0.172939
1028.8	0.172815
1029.2	0.172915
1029.6	0.1728
1030	0.172818
1030.4	0.172759
1030.8	0.172699
1031.2	0.172659
1031.6	0.172618
1032	0.172575
1032.4	0.172535
1032.8	0.172468
1033.2	0.172353
1033.6	0.172409
1034	0.172244
1034.4	0.172276
1034.8	0.172281
1035.2	0.172254
1035.6	0.172225
1036	0.172194
1036.4	0.172153
1036.8	0.172132
1037.2	0.172081
1037.6	0.172062
1038	0.172061
1038.4	0.172016
1038.8	0.172012
1039.2	0.171979
1039.6	0.171993
1040	0.171991
1040.4	0.171946
1040.8	0.171916
1041.2	0.17179
1041.6	0.171731
1042	0.171857
1042.4	0.172008
1042.8	0.172025
1043.2	0.172029
1043.6	0.172048
1044	0.171936
1044.4	0.172101
1044.8	0.17212
1045.2	0.172135
1045.6	0.172184
1046	0.172219
1046.4	0.172265
1046.8	0.172315
1047.2	0.172354
1047.6	0.17238
1048	0.17248
1048.4	0.172548
1048.8	0.172603
1049.2	0.172686
1049.6	0.172742
1050	0.172827
1050.4	0.172886
1050.8	0.172978
1051.2	0.173004
1051.6	0.172973
1052	0.17313
1052.4	0.173317
1052.8	0.17339
1053.2	0.17339
1053.6	0.173549
1054	0.173538
1054.4	0.173778
1054.8	0.173856
1055.2	0.174438
1055.6	0.174626
1056	0.174651
1056.4	0.174983
1056.8	0.175291
1057.2	0.175467
1057.6	0.175659
1058	0.175731
1058.4	0.175999
1058.8	0.176085
1059.2	0.176135
1059.6	0.1764
1060	0.176756
1060.4	0.176873
1060.8	0.177187
1061.2	0.1777
1061.6	0.177987
1062	0.178389
1062.4	0.178637
1062.8	0.178948
1063.2	0.179192
1063.6	0.179389
1064	0.179932
1064.4	0.180222
1064.8	0.18058
1065.2	0.180871
1065.6	0.181257
1066	0.181566
1066.4	0.181922
1066.8	0.182274
1067.2	0.182623
1067.6	0.182977
1068	0.183212
1068.4	0.183721
1068.8	0.184051
1069.2	0.184456
1069.6	0.184824
1070	0.18508
1070.4	0.185593
1070.8	0.185808
1071.2	0.186395
1071.6	0.186793
1072	0.187038
1072.4	0.187397
1072.8	0.187862
1073.2	0.188308
1073.6	0.188631
1074	0.188975
1074.4	0.189402
1074.8	0.18982
1075.2	0.190052
1075.6	0.190652
1076	0.191036
1076.4	0.191352
1076.8	0.19166
1077.2	0.192017
1077.6	0.192402
1078	0.192729
1078.4	0.19305
1078.8	0.19333
1079.2	0.193929
1079.6	0.194277
1080	0.194702
1080.4	0.195063
1080.8	0.195367
1081.2	0.19553
1081.6	0.196006
1082	0.19633
1082.4	0.196657
1082.8	0.196901
1083.2	0.197403
1083.6	0.19771
1084	0.198034
1084.4	0.198302
1084.8	0.198583
1085.2	0.198858
1085.6	0.199154
1086	0.199447
1086.4	0.199765
1086.8	0.200049
1087.2	0.200306
1087.6	0.200607
1088	0.200867
1088.4	0.201119
1088.8	0.201364
1089.2	0.201628
1089.6	0.201842
1090	0.20213
1090.4	0.202359
1090.8	0.202559
1091.2	0.202828
1091.6	0.203063
1092	0.203283
1092.4	0.203395
1092.8	0.20365
1093.2	0.203869
1093.6	0.204177
1094	0.204353
1094.4	0.204533
1094.8	0.204743
1095.2	0.204925
1095.6	0.205086
1096	0.205313
1096.4	0.205499
1096.8	0.205679
1097.2	0.205833
1097.6	0.206037
1098	0.20617
1098.4	0.206308
1098.8	0.206429
1099.2	0.206573
1099.6	0.206896
1100	0.207057
1100.4	0.207198
1100.8	0.207403
1101.2	0.207485
1101.6	0.207593
1102	0.207818
1102.4	0.207916
1102.8	0.208101
1103.2	0.20824
1103.6	0.208273
1104	0.208455
1104.4	0.208531
1104.8	0.208561
1105.2	0.208844
1105.6	0.208928
1106	0.208998
1106.4	0.209075
1106.8	0.209263
1107.2	0.20931
1107.6	0.209396
1108	0.209606
1108.4	0.209729
1108.8	0.209746
1109.2	0.209876
1109.6	0.209991
1110	0.21012
1110.4	0.210174
1110.8	0.210428
1111.2	0.210561
1111.6	0.21094
1112	0.21122
1112.4	0.21153
1112.8	0.211828
1113.2	0.212011
1113.6	0.212408
1114	0.212498
1114.4	0.21267
1114.8	0.212896
1115.2	0.213003
1115.6	0.213146
1116	0.213077
1116.4	0.213127
1116.8	0.213275
1117.2	0.213249
1117.6	0.213157
1118	0.212712
1118.4	0.212663
1118.8	0.212883
1119.2	0.212847
1119.6	0.212817
1120	0.212819
1120.4	0.212683
1120.8	0.212678
1121.2	0.212564
1121.6	0.212529
1122	0.212592
1122.4	0.212522
1122.8	0.212506
1123.2	0.212459
1123.6	0.212396
1124	0.212755
1124.4	0.212962
1124.8	0.212918
1125.2	0.212889
1125.6	0.212877
1126	0.212859
1126.4	0.212872
1126.8	0.212903
1127.2	0.212897
1127.6	0.212854
1128	0.212939
1128.4	0.21295
1128.8	0.212974
1129.2	0.212997
1129.6	0.213029
1130	0.21304
1130.4	0.213027
1130.8	0.213048
1131.2	0.213003
1131.6	0.213117
1132	0.213129
1132.4	0.213152
1132.8	0.213167
1133.2	0.213195
1133.6	0.213231
1134	0.213245
1134.4	0.213296
1134.8	0.213376
1135.2	0.213504
1135.6	0.213595
1136	0.213924
1136.4	0.214262
1136.8	0.214736
1137.2	0.215292
1137.6	0.216001
1138	0.216778
1138.4	0.217621
1138.8	0.218434
1139.2	0.219209
1139.6	0.219828
1140	0.22035
1140.4	0.2207
1140.8	0.221005
1141.2	0.221215
1141.6	0.221344
1142	0.221307
1142.4	0.221196
1142.8	0.221038
1143.2	0.220799
1143.6	0.220579
1144	0.220323
1144.4	0.220006
1144.8	0.219741
1145.2	0.219473
1145.6	0.219231
1146	0.219015
1146.4	0.218792
1146.8	0.218596
1147.2	0.21846
1147.6	0.218342
1148	0.218153
1148.4	0.218013
1148.8	0.217776
1149.2	0.217728
1149.6	0.21773
1150	0.217662
1150.4	0.217525
1150.8	0.217384
1151.2	0.217279
1151.6	0.219535
1152	0.219723
1152.4	0.220773
1152.8	0.220532
1153.2	0.220752
1153.6	0.220916
1154	0.221098
1154.4	0.221157
1154.8	0.221293
1155.2	0.221374
1155.6	0.221464
1156	0.221727
1156.4	0.221641
1156.8	0.221944
1157.2	0.222063
1157.6	0.222188
1158	0.22234
1158.4	0.222417
1158.8	0.22258
1159.2	0.222629
1159.6	0.222838
1160	0.222969
1160.4	0.222943
1160.8	0.223144
1161.2	0.22318
1161.6	0.22324
1162	0.223245
1162.4	0.223254
1162.8	0.223177
1163.2	0.223206
1163.6	0.223136
1164	0.223023
1164.4	0.223024
1164.8	0.22311
1165.2	0.223049
1165.6	0.222968
1166	0.222911
1166.4	0.222699
1166.8	0.222696
1167.2	0.222464
1167.6	0.222654
1168	0.2226
1168.4	0.222631
1168.8	0.222612
1169.2	0.22265
1169.6	0.222603
1170	0.222535
1170.4	0.222575
1170.8	0.222602
1171.2	0.222494
1171.6	0.222562
1172	0.22256
1172.4	0.222529
1172.8	0.222536
1173.2	0.222516
1173.6	0.222486
1174	0.222434
1174.4	0.222366
1174.8	0.222464
1175.2	0.222353
1175.6	0.2224
1176	0.222366
1176.4	0.22233
1176.8	0.222297
1177.2	0.222251
1177.6	0.222223
1178	0.222189
1178.4	0.222126
1178.8	0.222118
1179.2	0.222071
1179.6	0.222034
1180	0.221972
1180.4	0.221894
1180.8	0.22185
1181.2	0.221679
1181.6	0.221633
1182	0.221551
1182.4	0.221488
1182.8	0.2214
1183.2	0.22129
1183.6	0.221211
1184	0.221134
1184.4	0.221009
1184.8	0.220945
1185.2	0.220859
1185.6	0.22072
1186	0.220598
1186.4	0.220509
1186.8	0.22044
1187.2	0.220338
1187.6	0.220244
1188	0.22017
1188.4	0.220132
1188.8	0.219993
1189.2	0.219909
1189.6	0.219837
1190	0.219768
1190.4	0.219631
1190.8	0.219487
1191.2	0.219506
1191.6	0.219507
1192	0.219425
1192.4	0.219387
1192.8	0.219332
1193.2	0.219268
1193.6	0.219216
1194	0.219155
1194.4	0.21909
1194.8	0.219042
1195.2	0.218926
1195.6	0.218939
1196	0.218903
1196.4	0.218817
1196.8	0.218842
1197.2	0.218789
1197.6	0.218768
1198	0.218492
1198.4	0.218429
1198.8	0.218398
1199.2	0.218543
1199.6	0.218678
1200	0.218631
1200.4	0.218603
1200.8	0.218634
1201.2	0.21847
1201.6	0.218601
1202	0.218599
1202.4	0.218555
1202.8	0.218613
1203.2	0.218594
1203.6	0.21861
1204	0.218589
1204.4	0.218576
1204.8	0.21857
1205.2	0.218562
1205.6	0.218476
1206	0.218571
1206.4	0.218567
1206.8	0.218569
1207.2	0.218594
1207.6	0.21861
1208	0.218607
1208.4	0.218601
1208.8	0.218627
1209.2	0.218612
1209.6	0.218651
1210	0.218643
1210.4	0.21865
1210.8	0.218653
1211.2	0.218632
1211.6	0.218656
1212	0.218681
1212.4	0.218683
1212.8	0.218702
1213.2	0.218695
1213.6	0.218664
1214	0.218656
1214.4	0.218616
1214.8	0.218671
1215.2	0.218626
1215.6	0.218715
1216	0.218697
1216.4	0.218711
1216.8	0.218736
1217.2	0.21874
1217.6	0.218675
1218	0.218684
1218.4	0.218776
1218.8	0.218809
1219.2	0.218696
1219.6	0.21869
1220	0.218703
1220.4	0.21864
1220.8	0.218664
1221.2	0.218683
1221.6	0.218682
1222	0.218674
1222.4	0.218724
1222.8	0.218632
1223.2	0.218648
1223.6	0.218672
1224	0.218668
1224.4	0.218668
1224.8	0.218702
1225.2	0.218693
1225.6	0.218666
1226	0.218712
1226.4	0.218717
1226.8	0.218719
1227.2	0.218705
1227.6	0.218737
1228	0.2187
1228.4	0.218649
1228.8	0.218648
1229.2	0.218602
1229.6	0.218574
1230	0.21858
1230.4	0.218553
1230.8	0.218484
1231.2	0.218367
1231.6	0.218495
1232	0.218455
1232.4	0.218405
1232.8	0.218429
1233.2	0.218371
1233.6	0.218398
1234	0.218362
1234.4	0.218246
1234.8	0.218372
1235.2	0.21814
1235.6	0.218317
1236	0.218016
1236.4	0.218126
1236.8	0.218254
1237.2	0.218112
1237.6	0.218108
1238	0.218104
1238.4	0.218053
1238.8	0.218094
1239.2	0.218075
1239.6	0.218014
1240	0.218031
1240.4	0.217999
1240.8	0.218154
1241.2	0.218081
1241.6	0.218054
1242	0.218079
1242.4	0.218081
1242.8	0.218057
1243.2	0.218044
1243.6	0.218028
1244	0.217975
1244.4	0.217974
1244.8	0.217971
1245.2	0.217843
1245.6	0.21796
1246	0.217948
1246.4	0.217782
1246.8	0.217655
1247.2	0.217633
1247.6	0.2177
1248	0.217992
1248.4	0.217939
1248.8	0.21793
1249.2	0.21791
1249.6	0.217824
1250	0.217913
1250.4	0.217843
1250.8	0.21788
1251.2	0.217777
1251.6	0.217811
1252	0.217822
1252.4	0.217849
1252.8	0.217877
1253.2	0.217842
1253.6	0.217864
1254	0.217864
1254.4	0.217861
1254.8	0.217828
1255.2	0.217874
1255.6	0.217865
1256	0.217884
1256.4	0.21782
1256.8	0.217877
1257.2	0.217882
1257.6	0.217893
1258	0.21791
1258.4	0.217885
1258.8	0.217928
1259.2	0.21791
1259.6	0.217933
1260	0.217939
1260.4	0.217933
1260.8	0.217945
1261.2	0.217962
1261.6	0.218004
1262	0.218048
1262.4	0.218051
1262.8	0.218073
1263.2	0.218139
1263.6	0.218135
1264	0.218183
1264.4	0.218221
1264.8	0.218252
1265.2	0.218196
1265.6	0.218341
1266	0.21834
1266.4	0.218337
1266.8	0.218448
1267.2	0.218493
1267.6	0.218567
1268	0.218643
1268.4	0.218628
1268.8	0.218761
1269.2	0.218707
1269.6	0.218889
1270	0.21897
1270.4	0.219013
1270.8	0.219253
1271.2	0.219374
1271.6	0.219507
1272	0.21969
1272.4	0.219829
1272.8	0.220021
1273.2	0.220235
1273.6	0.220512
1274	0.220811
1274.4	0.220672
1274.8	0.221256
1275.2	0.222
1275.6	0.223013
1276	0.224292
1276.4	0.226001
1276.8	0.228467
1277.2	0.231722
1277.6	0.235694
1278	0.240162
1278.4	0.244795
1278.8	0.250229
1279.2	0.255853
1279.6	0.261102
1280	0.265604
1280.4	0.269102
1280.8	0.272284
1281.2	0.274674
1281.6	0.276615
1282	0.277968
1282.4	0.278973
1282.8	0.279565
1283.2	0.280143
1283.6	0.280453
1284	0.28051
1284.4	0.280372
1284.8	0.280198
1285.2	0.279838
1285.6	0.279413
1286	0.278909
1286.4	0.278242
1286.8	0.277581
1287.2	0.276704
1287.6	0.275773
1288	0.274884
1288.4	0.273951
1288.8	0.273014
1289.2	0.271976
1289.6	0.270905
1290	0.269752
1290.4	0.268524
1290.8	0.267308
1291.2	0.266
1291.6	0.264596
1292	0.263186
1292.4	0.261797
1292.8	0.260317
1293.2	0.258838
1293.6	0.257283
1294	0.255706
1294.4	0.254143
1294.8	0.252558
1295.2	0.250971
1295.6	0.249444
1296	0.247902
1296.4	0.246401
1296.8	0.244863
1297.2	0.243429
1297.6	0.242002
1298	0.240667
1298.4	0.239385
1298.8	0.238128
1299.2	0.236957
1299.6	0.235821
1300	0.234729
1300.4	0.233627
1300.8	0.232594
1301.2	0.231634
1301.6	0.230793
1302	0.229999
1302.4	0.229152
1302.8	0.228408
1303.2	0.227704
1303.6	0.226926
1304	0.22642
1304.4	0.225786
1304.8	0.225223
1305.2	0.22474
1305.6	0.224249
1306	0.223774
1306.4	0.223316
1306.8	0.222828
1307.2	0.222499
1307.6	0.222156
1308	0.22174
1308.4	0.221396
1308.8	0.221068
1309.2	0.220701
1309.6	0.220363
1310	0.220199
1310.4	0.219887
1310.8	0.219543
1311.2	0.21934
1311.6	0.219073
1312	0.218791
1312.4	0.218619
1312.8	0.218334
1313.2	0.218209
1313.6	0.218015
1314	0.217791
1314.4	0.217596
1314.8	0.217208
1315.2	0.217127
1315.6	0.216986
1316	0.216927
1316.4	0.216736
1316.8	0.216604
1317.2	0.216424
1317.6	0.216295
1318	0.215881
1318.4	0.215878
1318.8	0.2157
1319.2	0.215701
1319.6	0.215602
1320	0.21549
1320.4	0.215363
1320.8	0.215201
1321.2	0.215057
1321.6	0.215046
1322	0.214963
1322.4	0.214803
1322.8	0.214722
1323.2	0.214659
1323.6	0.214549
1324	0.214533
1324.4	0.214396
1324.8	0.214338
1325.2	0.214261
1325.6	0.214181
1326	0.214159
1326.4	0.214109
1326.8	0.214009
1327.2	0.213908
1327.6	0.213794
1328	0.213755
1328.4	0.213736
1328.8	0.213645
1329.2	0.213563
1329.6	0.213383
1330	0.213332
1330.4	0.213294
1330.8	0.213175
1331.2	0.213102
1331.6	0.213023
1332	0.212936
1332.4	0.212829
1332.8	0.212759
1333.2	0.212645
1333.6	0.212561
1334	0.212497
1334.4	0.212337
1334.8	0.212289
1335.2	0.212232
1335.6	0.212095
1336	0.211988
1336.4	0.211736
1336.8	0.211715
1337.2	0.211742
1337.6	0.211613
1338	0.211558
1338.4	0.21152
1338.8	0.211481
1339.2	0.211393
1339.6	0.211346
1340	0.211264
1340.4	0.211155
1340.8	0.21109
1341.2	0.21101
1341.6	0.210927
1342	0.210884
1342.4	0.210707
1342.8	0.2107
1343.2	0.210512
1343.6	0.210631
1344	0.210493
1344.4	0.210474
1344.8	0.210365
1345.2	0.20998
1345.6	0.20993
1346	0.209885
1346.4	0.209838
1346.8	0.209821
1347.2	0.209696
1347.6	0.20971
1348	0.209575
1348.4	0.20961
1348.8	0.209443
1349.2	0.209416
1349.6	0.209386
1350	0.20941
1350.4	0.209522
1350.8	0.209525
1351.2	0.209502
1351.6	0.209292
1352	0.209405
1352.4	0.20929
1352.8	0.20932
1353.2	0.208972
1353.6	0.209003
1354	0.208938
1354.4	0.208941
1354.8	0.208927
1355.2	0.209022
1355.6	0.208937
1356	0.208679
1356.4	0.208788
1356.8	0.208552
1357.2	0.208485
1357.6	0.20863
1358	0.208552
1358.4	0.208508
1358.8	0.208566
1359.2	0.20838
1359.6	0.208495
1360	0.208588
1360.4	0.208451
1360.8	0.208399
1361.2	0.208274
1361.6	0.208388
1362	0.208177
1362.4	0.208357
1362.8	0.208314
1363.2	0.208213
1363.6	0.208228
1364	0.208129
1364.4	0.20812
1364.8	0.208018
1365.2	0.208049
1365.6	0.207895
1366	0.207723
1366.4	0.207696
1366.8	0.207719
1367.2	0.207816
1367.6	0.207858
1368	0.207834
1368.4	0.207782
1368.8	0.207773
1369.2	0.207709
1369.6	0.207701
1370	0.207665
1370.4	0.207637
1370.8	0.207618
1371.2	0.207555
1371.6	0.207552
1372	0.207513
1372.4	0.207472
1372.8	0.207457
1373.2	0.207439
1373.6	0.207389
1374	0.207348
1374.4	0.207314
1374.8	0.207284
1375.2	0.207244
1375.6	0.207235
1376	0.207201
1376.4	0.207164
1376.8	0.207142
1377.2	0.207072
1377.6	0.207072
1378	0.207024
1378.4	0.207004
1378.8	0.206747
1379.2	0.206832
1379.6	0.206948
1380	0.206903
1380.4	0.206868
1380.8	0.206847
1381.2	0.2068
1381.6	0.206802
1382	0.206788
1382.4	0.206749
1382.8	0.206722
1383.2	0.206662
1383.6	0.206675
1384	0.206656
1384.4	0.206605
1384.8	0.206585
1385.2	0.206565
1385.6	0.20653
1386	0.206465
1386.4	0.20643
1386.8	0.206451
1387.2	0.206402
1387.6	0.206417
1388	0.206253
1388.4	0.206218
1388.8	0.206335
1389.2	0.206277
1389.6	0.206012
1390	0.206145
1390.4	0.205894
1390.8	0.206055
1391.2	0.206058
1391.6	0.206146
1392	0.206057
1392.4	0.206026
1392.8	0.206262
1393.2	0.206575
1393.6	0.206256
1394	0.205988
1394.4	0.20607
1394.8	0.205931
1395.2	0.205667
1395.6	0.205937
1396	0.205973
1396.4	0.205837
1396.8	0.205797
1397.2	0.205781
1397.6	0.205795
1398	0.205766
1398.4	0.205688
1398.8	0.205683
1399.2	0.205834
1399.6	0.205742
1400	0.205741
1400.4	0.205619
1400.8	0.205586
1401.2	0.20555
1401.6	0.205621
1402	0.205515
1402.4	0.205442
1402.8	0.205565
1403.2	0.205308
1403.6	0.205397
1404	0.205522
1404.4	0.205554
1404.8	0.205498
1405.2	0.205598
1405.6	0.205168
1406	0.205128
1406.4	0.205437
1406.8	0.205336
1407.2	0.205288
1407.6	0.205218
1408	0.205158
1408.4	0.204963
1408.8	0.204975
1409.2	0.204983
1409.6	0.204965
1410	0.204895
1410.4	0.204939
1410.8	0.204996
1411.2	0.204925
1411.6	0.20494
1412	0.205166
1412.4	0.204869
1412.8	0.204969
1413.2	0.204924
1413.6	0.204809
1414	0.205108
1414.4	0.20483
1414.8	0.20495
1415.2	0.204966
1415.6	0.204769
1416	0.20504
1416.4	0.204889
1416.8	0.204839
1417.2	0.205101
1417.6	0.20472
1418	0.20488
1418.4	0.205057
1418.8	0.204866
1419.2	0.205099
1419.6	0.204915
1420	0.204992
1420.4	0.205148
1420.8	0.204911
1421.2	0.205258
1421.6	0.205114
1422	0.205138
1422.4	0.205261
1422.8	0.205056
1423.2	0.205301
1423.6	0.205304
1424	0.205342
1424.4	0.205426
1424.8	0.205395
1425.2	0.205557
1425.6	0.205716
1426	0.205672
1426.4	0.205835
1426.8	0.205598
1427.2	0.205686
1427.6	0.206202
1428	0.206199
1428.4	0.206069
1428.8	0.206115
1429.2	0.206244
1429.6	0.206253
1430	0.20638
1430.4	0.206425
1430.8	0.206785
1431.2	0.206738
1431.6	0.206788
1432	0.206734
1432.4	0.206865
1432.8	0.206919
1433.2	0.20724
1433.6	0.207035
1434	0.207102
1434.4	0.207169
1434.8	0.207029
1435.2	0.207255
1435.6	0.206936
1436	0.207166
1436.4	0.207262
1436.8	0.206934
1437.2	0.207113
1437.6	0.207047
1438	0.206889
1438.4	0.207031
1438.8	0.206824
1439.2	0.206887
1439.6	0.206776
1440	0.206639
1440.4	0.206925
1440.8	0.206479
1441.2	0.206442
1441.6	0.206684
1442	0.206356
1442.4	0.206577
1442.8	0.206372
1443.2	0.206164
1443.6	0.206295
1444	0.206109
1444.4	0.20588
1444.8	0.206156
1445.2	0.206295
1445.6	0.205836
1446	0.205903
1446.4	0.205664
1446.8	0.205754
1447.2	0.205559
1447.6	0.205508
1448	0.205501
1448.4	0.2054
1448.8	0.205378
1449.2	0.205377
1449.6	0.205348
1450	0.205418
1450.4	0.205628
1450.8	0.206473
1451.2	0.205967
1451.6	0.205447
1452	0.205348
1452.4	0.205277
1452.8	0.205207
1453.2	0.205006
1453.6	0.205293
1454	0.204925
1454.4	0.205048
1454.8	0.205073
1455.2	0.204877
1455.6	0.205144
1456	0.204748
1456.4	0.204928
1456.8	0.204843
1457.2	0.204747
1457.6	0.205083
1458	0.204772
1458.4	0.204801
1458.8	0.204939
1459.2	0.204672
1459.6	0.204871
1460	0.204794
1460.4	0.204742
1460.8	0.204984
1461.2	0.204644
1461.6	0.204826
1462	0.204857
1462.4	0.204614
1462.8	0.204884
1463.2	0.204721
1463.6	0.204696
1464	0.204894
1464.4	0.204565
1464.8	0.20477
1465.2	0.204766
1465.6	0.20458
1466	0.2049
1466.4	0.204857
1466.8	0.204888
1467.2	0.204848
1467.6	0.204861
1468	0.204834
1468.4	0.204829
1468.8	0.20485
1469.2	0.204764
1469.6	0.204856
1470	0.20485
1470.4	0.20483
1470.8	0.204738
1471.2	0.204792
1471.6	0.204711
1472	0.204812
1472.4	0.204856
1472.8	0.204893
1473.2	0.204914
1473.6	0.204973
1474	0.205043
1474.4	0.205125
1474.8	0.205263
1475.2	0.205437
1475.6	0.205669
1476	0.20597
1476.4	0.206361
1476.8	0.206963
1477.2	0.207713
1477.6	0.208733
1478	0.210008
1478.4	0.211621
1478.8	0.213688
1479.2	0.216192
1479.6	0.219186
1480	0.2224
1480.4	0.225381
1480.8	0.228815
1481.2	0.23187
1481.6	0.234846
1482	0.23802
1482.4	0.241064
1482.8	0.243829
1483.2	0.246217
1483.6	0.248289
1484	0.249999
1484.4	0.251416
1484.8	0.252642
1485.2	0.253609
1485.6	0.254334
1486	0.254967
1486.4	0.255477
1486.8	0.255851
1487.2	0.256099
1487.6	0.256288
1488	0.256387
1488.4	0.256392
1488.8	0.256391
1489.2	0.256294
1489.6	0.256153
1490	0.255965
1490.4	0.2556
1490.8	0.255245
1491.2	0.254914
1491.6	0.254508
1492	0.254122
1492.4	0.253991
1492.8	0.253537
1493.2	0.253195
1493.6	0.252863
1494	0.252423
1494.4	0.251728
1494.8	0.251062
1495.2	0.250577
1495.6	0.250198
1496	0.249593
1496.4	0.249051
1496.8	0.248598
1497.2	0.248148
1497.6	0.247398
1498	0.246665
1498.4	0.246137
1498.8	0.245588
1499.2	0.244845
1499.6	0.244133
1500	0.24336
1500.4	0.242503
1500.8	0.241689
1501.2	0.241019
1501.6	0.240264
1502	0.240216
1502.4	0.239231
1502.8	0.238577
1503.2	0.237583
1503.6	0.236704
1504	0.235905
1504.4	0.235055
1504.8	0.234627
1505.2	0.233527
1505.6	0.232975
1506	0.232133
1506.4	0.231181
1506.8	0.23069
1507.2	0.229518
1507.6	0.228963
1508	0.228337
1508.4	0.227248
1508.8	0.22649
1509.2	0.225812
1509.6	0.225073
1510	0.224498
1510.4	0.223499
1510.8	0.22303
1511.2	0.22235
1511.6	0.221467
1512	0.221158
1512.4	0.220219
1512.8	0.219563
1513.2	0.218751
1513.6	0.218073
1514	0.217951
1514.4	0.217028
1514.8	0.21646
1515.2	0.216067
1515.6	0.215404
1516	0.214813
1516.4	0.214294
1516.8	0.2138
1517.2	0.213381
1517.6	0.212947
1518	0.212835
1518.4	0.212121
1518.8	0.211975
1519.2	0.211606
1519.6	0.211001
1520	0.21083
1520.4	0.210293
1520.8	0.210048
1521.2	0.20991
1521.6	0.209585
1522	0.209198
1522.4	0.208824
1522.8	0.208518
1523.2	0.208506
1523.6	0.20799
1524	0.207955
1524.4	0.207667
1524.8	0.207306
1525.2	0.207386
1525.6	0.206833
1526	0.206823
1526.4	0.206564
1526.8	0.206306
1527.2	0.206418
1527.6	0.205968
1528	0.205997
1528.4	0.205775
1528.8	0.205504
1529.2	0.205559
1529.6	0.205237
1530	0.20502
1530.4	0.205218
1530.8	0.204761
1531.2	0.204808
1531.6	0.204632
1532	0.204366
1532.4	0.204463
1532.8	0.204071
1533.2	0.204033
1533.6	0.204187
1534	0.203817
1534.4	0.203916
1534.8	0.203832
1535.2	0.203702
1535.6	0.203561
1536	0.203472
1536.4	0.203357
1536.8	0.203342
1537.2	0.203281
1537.6	0.20317
1538	0.203176
1538.4	0.202836
1538.8	0.202902
1539.2	0.202405
1539.6	0.202501
1540	0.202616
1540.4	0.202514
1540.8	0.202411
1541.2	0.202429
1541.6	0.202232
1542	0.202082
1542.4	0.20213
1542.8	0.202067
1543.2	0.20195
1543.6	0.201851
1544	0.201922
1544.4	0.201702
1544.8	0.201551
1545.2	0.201527
1545.6	0.201688
1546	0.201565
1546.4	0.201474
1546.8	0.201447
1547.2	0.201313
1547.6	0.201363
1548	0.201282
1548.4	0.201251
1548.8	0.201201
1549.2	0.201072
1549.6	0.201002
1550	0.200954
1550.4	0.200997
1550.8	0.200856
1551.2	0.200751
1551.6	0.200654
1552	0.200779
1552.4	0.200491
1552.8	0.200603
1553.2	0.200662
1553.6	0.200603
1554	0.200616
1554.4	0.200506
1554.8	0.200186
1555.2	0.200246
1555.6	0.200542
1556	0.200412
1556.4	0.200198
1556.8	0.200188
1557.2	0.200028
1557.6	0.200012
1558	0.200043
1558.4	0.199997
1558.8	0.2
1559.2	0.199934
1559.6	0.19987
1560	0.19997
1560.4	0.20006
1560.8	0.200206
1561.2	0.200059
1561.6	0.19992
1562	0.2001
1562.4	0.199749
1562.8	0.199974
1563.2	0.199925
1563.6	0.199846
1564	0.199984
1564.4	0.199715
1564.8	0.199805
1565.2	0.199892
1565.6	0.199666
1566	0.19991
1566.4	0.199648
1566.8	0.199674
1567.2	0.199728
1567.6	0.199492
1568	0.199677
1568.4	0.199471
1568.8	0.19935
1569.2	0.199408
1569.6	0.199352
1570	0.199226
1570.4	0.199321
1570.8	0.199099
1571.2	0.199209
1571.6	0.199178
1572	0.198955
1572.4	0.199154
1572.8	0.198908
1573.2	0.198845
1573.6	0.198981
1574	0.198704
1574.4	0.198903
1574.8	0.198632
1575.2	0.198582
1575.6	0.198765
1576	0.198428
1576.4	0.198581
1576.8	0.198582
1577.2	0.198461
1577.6	0.198612
1578	0.198393
1578.4	0.198075
1578.8	0.198275
1579.2	0.198279
1579.6	0.198157
1580	0.197961
1580.4	0.198076
1580.8	0.198102
1581.2	0.198027
1581.6	0.198129
1582	0.198074
1582.4	0.19765
1582.8	0.197646
1583.2	0.197926
1583.6	0.197759
1584	0.197779
1584.4	0.197691
1584.8	0.197444
1585.2	0.197405
1585.6	0.197323
1586	0.197328
1586.4	0.197461
1586.8	0.19753
1587.2	0.197372
1587.6	0.197175
1588	0.197395
1588.4	0.197156
1588.8	0.197172
1589.2	0.198674
1589.6	0.197762
1590	0.197251
1590.4	0.197192
1590.8	0.196944
1591.2	0.197299
1591.6	0.196957
1592	0.19702
1592.4	0.19672
1592.8	0.196707
1593.2	0.196948
1593.6	0.196644
1594	0.1967
1594.4	0.196715
1594.8	0.196551
1595.2	0.196854
1595.6	0.196588
1596	0.19669
1596.4	0.196772
1596.8	0.196476
1597.2	0.196748
1597.6	0.196402
1598	0.19648
1598.4	0.196486
1598.8	0.196309
1599.2	0.196491
1599.6	0.196256
1600	0.196194
1600.4	0.196362
1600.8	0.196115
1601.2	0.196246
1601.6	0.196112
1602	0.196189
1602.4	0.196374
1602.8	0.19613
1603.2	0.195964
1603.6	0.196094
1604	0.196249
1604.4	0.196245
1604.8	0.195916
1605.2	0.195843
1605.6	0.195772
1606	0.195726
1606.4	0.195795
1606.8	0.195709
1607.2	0.195736
1607.6	0.195715
1608	0.195849
1608.4	0.195744
1608.8	0.195803
1609.2	0.195825
1609.6	0.195962
1610	0.195897
1610.4	0.195748
1610.8	0.195536
1611.2	0.195646
1611.6	0.195711
1612	0.195648
1612.4	0.1957
1612.8	0.1955
1613.2	0.19563
1613.6	0.19536
1614	0.195629
1614.4	0.195518
1614.8	0.195532
1615.2	0.195464
1615.6	0.195515
1616	0.195443
1616.4	0.195521
1616.8	0.195295
1617.2	0.195381
1617.6	0.195427
1618	0.195235
1618.4	0.195515
1618.8	0.195284
1619.2	0.19545
1619.6	0.195269
1620	0.195262
1620.4	0.195101
1620.8	0.195374
1621.2	0.195228
1621.6	0.195387
1622	0.195187
1622.4	0.195313
1622.8	0.19524
1623.2	0.195348
1623.6	0.195202
1624	0.195168
1624.4	0.195233
1624.8	0.195106
1625.2	0.195173
1625.6	0.195222
1626	0.194939
1626.4	0.194875
1626.8	0.195192
1627.2	0.195144
1627.6	0.194725
1628	0.194796
1628.4	0.19504
1628.8	0.194874
1629.2	0.194885
1629.6	0.194774
1630	0.194699
1630.4	0.194853
1630.8	0.194731
1631.2	0.194638
1631.6	0.194834
1632	0.194611
1632.4	0.194715
1632.8	0.194686
1633.2	0.194737
1633.6	0.194806
1634	0.194559
1634.4	0.194753
1634.8	0.19465
1635.2	0.194529
1635.6	0.194829
1636	0.194481
1636.4	0.194653
1636.8	0.194597
1637.2	0.194431
1637.6	0.194692
1638	0.194276
1638.4	0.194446
1638.8	0.194693
1639.2	0.194377
1639.6	0.194516
1640	0.194486
1640.4	0.194328
1640.8	0.194562
1641.2	0.194277
1641.6	0.194228
1642	0.194522
1642.4	0.194135
1642.8	0.194313
1643.2	0.194315
1643.6	0.194079
1644	0.194184
1644.4	0.194196
1644.8	0.194327
1645.2	0.194353
1645.6	0.194344
1646	0.194035
1646.4	0.193873
1646.8	0.194152
1647.2	0.194252
1647.6	0.194247
1648	0.193987
1648.4	0.193947
1648.8	0.193792
1649.2	0.193958
1649.6	0.19374
1650	0.194084
1650.4	0.194131
1650.8	0.193961
1651.2	0.193946
1651.6	0.193886
1652	0.193958
1652.4	0.193997
1652.8	0.193979
1653.2	0.19397
1653.6	0.193947
1654	0.193924
1654.4	0.193917
1654.8	0.193805
1655.2	0.193847
1655.6	0.193791
1656	0.193872
1656.4	0.19379
1656.8	0.193908
1657.2	0.193761
1657.6	0.193793
1658	0.19377
1658.4	0.193781
1658.8	0.193732
1659.2	0.193744
1659.6	0.19361
1660	0.19373
1660.4	0.193729
1660.8	0.193538
1661.2	0.193584
1661.6	0.193537
1662	0.193611
1662.4	0.193423
1662.8	0.193262
1663.2	0.193311
1663.6	0.193255
1664	0.193274
1664.4	0.1933
1664.8	0.193539
1665.2	0.193498
1665.6	0.193151
1666	0.193221
1666.4	0.193324
1666.8	0.193401
1667.2	0.193147
1667.6	0.1934
1668	0.193128
1668.4	0.193283
1668.8	0.193468
1669.2	0.193188
1669.6	0.19344
1670	0.193217
1670.4	0.19329
1670.8	0.193359
1671.2	0.193153
1671.6	0.193391
1672	0.193159
1672.4	0.193231
1672.8	0.19331
1673.2	0.193084
1673.6	0.193371
1674	0.193235
1674.4	0.19322
1674.8	0.193357
1675.2	0.19315
1675.6	0.19333
1676	0.193292
1676.4	0.193119
1676.8	0.193375
1677.2	0.193195
1677.6	0.193262
1678	0.193352
1678.4	0.193129
1678.8	0.193378
1679.2	0.193161
1679.6	0.193092
1680	0.193169
1680.4	0.193143
1680.8	0.193373
1681.2	0.193351
1681.6	0.193336
1682	0.19331
1682.4	0.193001
1682.8	0.192925
1683.2	0.192868
1683.6	0.192843
1684	0.193165
1684.4	0.193224
1684.8	0.193178
1685.2	0.193166
1685.6	0.193161
1686	0.193121
1686.4	0.193111
1686.8	0.193047
1687.2	0.193006
1687.6	0.192583
1688	0.192986
1688.4	0.192797
1688.8	0.192829
1689.2	0.192769
1689.6	0.192677
1690	0.1927
1690.4	0.192655
1690.8	0.192599
1691.2	0.192564
1691.6	0.19269
1692	0.192535
1692.4	0.192501
1692.8	0.192264
1693.2	0.192199
1693.6	0.192314
1694	0.19242
1694.4	0.192345
1694.8	0.19226
1695.2	0.19218
1695.6	0.19208
1696	0.192036
1696.4	0.191877
1696.8	0.191868
1697.2	0.191761
1697.6	0.191716
1698	0.191683
1698.4	0.191599
1698.8	0.191512
1699.2	0.191434
1699.6	0.191326
1700	0.191218
1700.4	0.191026
1700.8	0.190943
1701.2	0.19085
1701.6	0.190723
1702	0.19066
1702.4	0.190544
1702.8	0.190464
1703.2	0.190304
1703.6	0.190233
1704	0.190115
1704.4	0.189969
1704.8	0.189839
1705.2	0.189702
1705.6	0.189559
1706	0.18937
1706.4	0.189247
1706.8	0.189077
1707.2	0.188934
1707.6	0.188783
1708	0.188626
1708.4	0.188437
1708.8	0.188285
1709.2	0.188071
1709.6	0.18793
1710	0.187723
1710.4	0.187535
1710.8	0.187323
1711.2	0.187204
1711.6	0.187009
1712	0.186843
1712.4	0.186699
1712.8	0.186532
1713.2	0.186311
1713.6	0.186114
1714	0.185911
1714.4	0.185685
1714.8	0.185446
1715.2	0.185232
1715.6	0.184996
1716	0.184772
1716.4	0.184506
1716.8	0.184295
1717.2	0.184078
1717.6	0.183863
1718	0.183539
1718.4	0.183266
1718.8	0.183073
1719.2	0.182789
1719.6	0.182599
1720	0.18235
1720.4	0.18207
1720.8	0.181662
1721.2	0.181617
1721.6	0.181386
1722	0.181154
1722.4	0.180966
1722.8	0.180558
1723.2	0.180255
1723.6	0.179981
1724	0.179724
1724.4	0.179411
1724.8	0.17914
1725.2	0.178844
1725.6	0.178603
1726	0.178321
1726.4	0.178008
1726.8	0.177699
1727.2	0.17743
1727.6	0.177128
1728	0.176839
1728.4	0.17654
1728.8	0.176234
1729.2	0.175926
1729.6	0.175634
1730	0.175318
1730.4	0.175078
1730.8	0.174833
1731.2	0.174504
1731.6	0.174251
1732	0.173835
1732.4	0.173613
1732.8	0.173306
1733.2	0.172977
1733.6	0.172688
1734	0.172359
1734.4	0.172043
1734.8	0.171716
1735.2	0.171453
1735.6	0.17113
1736	0.170836
1736.4	0.170493
1736.8	0.170201
1737.2	0.16992
1737.6	0.169646
1738	0.169356
1738.4	0.169065
1738.8	0.168745
1739.2	0.168449
1739.6	0.168198
1740	0.167972
1740.4	0.167686
1740.8	0.167407
1741.2	0.167092
1741.6	0.16681
1742	0.16651
1742.4	0.166198
1742.8	0.165911
1743.2	0.165619
1743.6	0.165233
1744	0.165064
1744.4	0.164773
1744.8	0.16448
1745.2	0.164189
1745.6	0.163929
1746	0.16365
1746.4	0.16338
1746.8	0.163098
1747.2	0.162844
1747.6	0.162585
1748	0.162321
1748.4	0.162019
1748.8	0.161705
1749.2	0.161643
1749.6	0.161428
1750	0.161164
1750.4	0.160912
1750.8	0.160674
1751.2	0.16041
1751.6	0.16017
1752	0.159928
1752.4	0.159681
1752.8	0.159447
1753.2	0.15921
1753.6	0.158997
1754	0.158745
1754.4	0.158507
1754.8	0.158269
1755.2	0.158052
1755.6	0.157834
1756	0.157623
1756.4	0.157393
1756.8	0.157193
1757.2	0.156963
1757.6	0.156767
1758	0.156585
1758.4	0.156405
1758.8	0.156242
1759.2	0.156036
1759.6	0.15582
1760	0.155617
1760.4	0.15542
1760.8	0.155212
1761.2	0.155
1761.6	0.154807
1762	0.154601
1762.4	0.15443
1762.8	0.154258
1763.2	0.15404
1763.6	0.153853
1764	0.153688
1764.4	0.153483
1764.8	0.153318
1765.2	0.153121
1765.6	0.152969
1766	0.15277
1766.4	0.152606
1766.8	0.152426
1767.2	0.15229
1767.6	0.152163
1768	0.152016
1768.4	0.151863
1768.8	0.151707
1769.2	0.151529
1769.6	0.151366
1770	0.151219
1770.4	0.15104
1770.8	0.15089
1771.2	0.150724
1771.6	0.150595
1772	0.150468
1772.4	0.1503
1772.8	0.150141
1773.2	0.149992
1773.6	0.149861
1774	0.149695
1774.4	0.149551
1774.8	0.149404
1775.2	0.149294
1775.6	0.149147
1776	0.149024
1776.4	0.148901
1776.8	0.148812
1777.2	0.148706
1777.6	0.148614
1778	0.148459
1778.4	0.14833
1778.8	0.148212
1779.2	0.148078
1779.6	0.147951
1780	0.147827
1780.4	0.147682
1780.8	0.147583
1781.2	0.147466
1781.6	0.147354
1782	0.147221
1782.4	0.147111
1782.8	0.147
1783.2	0.146881
1783.6	0.146776
1784	0.146652
1784.4	0.146533
1784.8	0.146443
1785.2	0.146324
1785.6	0.146224
1786	0.146162
1786.4	0.146076
1786.8	0.145968
1787.2	0.145881
1787.6	0.145769
1788	0.145669
1788.4	0.145558
1788.8	0.145465
1789.2	0.145343
1789.6	0.145265
1790	0.145156
1790.4	0.145076
1790.8	0.144954
1791.2	0.144862
1791.6	0.144773
1792	0.144688
1792.4	0.144592
1792.8	0.144502
1793.2	0.144413
1793.6	0.144327
1794	0.144258
1794.4	0.144173
1794.8	0.144063
1795.2	0.144037
1795.6	0.14398
1796	0.143913
1796.4	0.143781
1796.8	0.14371
1797.2	0.143615
1797.6	0.143554
1798	0.143469
1798.4	0.143378
1798.8	0.143314
1799.2	0.14323
1799.6	0.143166
1800	0.143088
1800.4	0.143008
1800.8	0.142924
1801.2	0.142847
1801.6	0.142753
1802	0.142712
1802.4	0.142615
1802.8	0.142551
1803.2	0.142479
1803.6	0.142403
1804	0.142347
1804.4	0.142275
1804.8	0.142244
1805.2	0.142188
1805.6	0.142123
1806	0.14204
1806.4	0.141968
1806.8	0.141892
1807.2	0.141832
1807.6	0.141766
1808	0.141708
1808.4	0.141634
1808.8	0.141586
1809.2	0.141534
1809.6	0.141459
1810	0.141497
1810.4	0.141329
1810.8	0.141284
1811.2	0.141199
1811.6	0.141144
1812	0.141101
1812.4	0.141015
1812.8	0.140987
1813.2	0.14093
1813.6	0.140928
1814	0.140875
1814.4	0.140827
1814.8	0.14079
1815.2	0.14073
1815.6	0.140653
1816	0.140621
1816.4	0.140565
1816.8	0.140455
1817.2	0.140471
1817.6	0.140431
1818	0.140371
1818.4	0.140376
1818.8	0.140385
1819.2	0.14022
1819.6	0.14018
1820	0.140138
1820.4	0.140087
1820.8	0.140069
1821.2	0.139938
1821.6	0.139939
1822	0.139875
1822.4	0.1399
1822.8	0.139758
1823.2	0.139578
1823.6	0.139653
1824	0.139649
1824.4	0.139531
1824.8	0.139599
1825.2	0.139521
1825.6	0.139491
1826	0.139398
1826.4	0.139453
1826.8	0.139375
1827.2	0.139396
1827.6	0.139372
1828	0.139325
1828.4	0.139269
1828.8	0.139231
1829.2	0.139196
1829.6	0.139157
1830	0.139117
1830.4	0.139064
1830.8	0.139046
1831.2	0.138971
1831.6	0.138959
1832	0.138926
1832.4	0.138945
1832.8	0.138917
1833.2	0.138886
1833.6	0.138844
1834	0.138825
1834.4	0.138776
1834.8	0.138733
1835.2	0.138674
1835.6	0.138682
1836	0.138629
1836.4	0.138611
1836.8	0.138554
1837.2	0.138544
1837.6	0.138528
1838	0.138486
1838.4	0.138437
1838.8	0.138427
1839.2	0.138362
1839.6	0.138375
1840	0.138344
1840.4	0.138317
1840.8	0.138291
1841.2	0.138272
1841.6	0.138261
1842	0.138238
1842.4	0.13819
1842.8	0.138176
1843.2	0.138145
1843.6	0.138129
1844	0.138037
1844.4	0.138003
1844.8	0.138009
1845.2	0.137966
1845.6	0.138015
1846	0.13796
1846.4	0.137915
1846.8	0.137853
1847.2	0.137792
1847.6	0.137808
1848	0.137753
1848.4	0.137741
1848.8	0.137513
1849.2	0.137594
1849.6	0.137617
1850	0.137556
1850.4	0.137632
1850.8	0.137632
1851.2	0.137607
1851.6	0.137609
1852	0.13761
1852.4	0.137566
1852.8	0.137525
1853.2	0.137386
1853.6	0.137494
1854	0.137402
1854.4	0.137401
1854.8	0.137336
1855.2	0.137301
1855.6	0.137338
1856	0.137306
1856.4	0.137292
1856.8	0.137289
